Vertices,Index1,Time1,Index2,Time2,Index3,Time3
3,2,194644,2,194524,2,194469
4,4,386804,4,387175,4,386863
5,6,645896,6,645939,6,645493
6,9,979935,9,980736,9,979655
7,12,1391575,12,1391789,12,1392739
8,16,1891229,16,1890152,16,1887480
9,20,2455604,20,2455748,20,2457025
10,25,3137245,25,3136684,25,3137095
20,101,18966320,100,19058819,101,18956247
30,226,75875966,226,75897718,226,75895418
40,402,240937637,401,240944624,401,242266774
50,626,631288833,627,626569530,626,626643360
60,902,1426612219,902,1515527236,903,1510785615
70,1227,2911928291,1227,2927355474,1227,4358172511