v	index1	time1	index2	time2	index3	time3
3	2	195925	2	195421	2	195196
4	3	388146	3	387358	3	387893
5	2	649613	2	649151	2	650731
6	2	986347	2	985775	2	984401
7	2	1398783	2	1398950	2	1398487
8	11	1880927	11	1879721	11	1878110
9	6	2451094	6	2452274	6	2451117
10	2	3112530	2	3117728	2	3110411
20	2	16220467	2	16205841	2	16212146
27	27	40992826	27	36405408	26	36415032
32	66	63106673	69	63055958	66	63120336
49	20	205857463	20	205850801	19	205669028
64	23	496439266	22	505791153	23	496613508
81	25	1598614755	26	1780450093	26	2128858483