Vertices,Index1,Time1,Index2,Time2,Index3,Time3
4,6,387816,6,387186,6,387187
5,8,646398,8,646156,8,645007
6,10,973971,10,973958,10,973834
8,14,1861944,14,1861864,14,1859221
9,16,2414127,16,2416875,16,2412381
10,18,3041859,18,3045663,18,3044255
11,20,3767451,20,3767496,20,3765912
21,40,23686590,40,23487740,40,23482465
31,60,67368740,60,67353252,60,67347424
41,80,156070698,80,156366449,80,134503932
51,100,224304127,100,242821579,100,217075244
61,120,394520019,120,392597190,120,363702496
71,140,662061834,140,613523798,140,669885272
81,160,1063224937,160,1029483054,160,1139359521
91,180,1622177040,180,1728070916,180,2232595918
101,200,2503834000,200,2747439921,200,2353072326