v	index1	time1	index2	time2	index3	time3
3	2	265447	2	265345	2	265684
4	2	526583	2	528375	2	528084
5	4	848434	4	848273	4	848621
6	4	1289388	4	1289061	4	1288623
7	6	1833570	6	1835855	6	1834682
8	7	2538481	6	2465804	7	2466856
9	9	3213671	9	3209120	9	3210029
10	11	4088469	11	4090134	11	4092749
20	32	15282395	32	15270670	33	15275742
30	53	59975334	53	63985843	53	63913846
40	73	150619373	73	107287038	72	97720138
50	93	210279321	93	217152143	93	211988998
60	113	400818824	113	369664149	113	355744677
70	133	666474322	133	597395075	133	695951502
80	153	1136276445	154	999129952	153	1202292602
90	173	1575577906	174	1672204824	174	1751143351
100	194	2248983131	194	2845242871	194	2315538184